11.824000000000002 5.392
6.6080000000000005 5.232
8.175999999999998 1.0719999999999992
3.856 -1.4879999999999995
2.7360000000000007 1.7439999999999998
-4.048 -1.1679999999999993
-0.7200000000000006 -4.720000000000001
-6.064 -3.2799999999999994
-3.5359999999999996 6.896
-1.936 -2.4160000000000004
6.032 1.5839999999999996
19.568 9.392
9.456 2.3200000000000003
5.936 -4.6240000000000006
4.368 -3.984
7.6960000000000015 -3.2479999999999993
0.8160000000000007 -2.6720000000000006
3.76 4.016
9.776 5.52
15.056000000000001 3.5039999999999996
